2022 12 12 12 12 :D
2022 1 23 17 17 siemaszko
2022 1 23 18 5 ech
2022 1 23 18 23 new
2022 1 28 18 12 coś tam
2022 1 24 21 12 nowy :) depesz
2022 1 24 18 13 elo
2022 1 26 19 14 KURWA MAĆ!
2022 1 24 18 43 kurde faja
2026 1 24 18 46 nowe wydarzenie elo
2031 1 30 18 54 11
2024 6 29 19 33 2true
2022 1 24 19 32 eheeeeeeeeeeeeeeeeeeeeeeeeeeee reee
2028 1 24 20 21 siemka :*
2022 1 25 11 19 eh
2022 1 25 12 4 e
2022 1 25 13 19 xxx
2024 2 29 13 19 valid
2022 1 24 14 11 nie wejdzie?
2023 2 26 15 29 sdasd
2022 1 25 14 29 ssss
2022 1 25 14 30 kolejne
2022 1 25 14 31 x
2022 1 29 14 36 lll
2024 2 29 14 36 llll
